latitudes<-c(19.422, 19.403, 19.404, 19.335, 19.300, 19.326, 19.372)
longitudes<-c(-99.124, -99.261, -99.206, -99.188, -99.070, -99.269, -99.029)