longitudes<-c(105,128.103,NA,10.44,53,138,103.8,9,-97,47.376,100.844,2,50.55,112.5,133,54,105.314,-2,-3.649,-95,15,44,8.74,7.908,57,34.75,100,79.619,122,22,13.33333,10,35.83333,15.5,26.272,83.939,25.793,NA,5.389,65.216,2.632,25,105,-15.386,-53.089,81,4.664)
latitudes<-c(35,36.504,NA,44.931,32,36,1.366667,51,38,29.476,15.7,46,26,2.5,-27,24,21.491,54,40.227,60,62,33,61.152,46.861,21,31.5,60,22.881,13,39,47.33333,56,33.83333,45.16667,64.504,28.253,58.674,NA,52.077,33.677,28.163,46,13,13.453,-10.772,7,50.643)
confirm<-c(80581,3150,705,653,270,240,102,66,60,43,42,38,33,23,23,19,16,16,13,13,7,6,6,6,6,6,5,3,3,3,3,3,3,3,2,1,1,1,1,1,1,1,1,1,1,1,1)
suspect<-c(522,0,0,0,0,0,0,0,0,0,0,0,0,0,0,0,0,0,0,0,0,0,0,0,0,0,0,0,0,0,0,0,0,0,0,0,0,0,0,0,0,0,0,0,0,0,0)
dead<-c(3016,13,6,17,26,6,0,0,0,0,0,2,0,0,0,0,0,0,0,0,0,0,0,0,0,0,0,0,1,0,0,0,0,0,0,0,0,0,0,0,0,0,0,0,0,0,0)
heal<-c(52151,24,0,45,49,1,72,16,3,0,28,12,0,15,15,5,16,8,2,4,0,0,0,0,0,1,2,3,1,0,0,0,0,0,1,1,0,0,0,0,0,0,1,0,0,1,1)
